92015281689065342894
91015280335800224585
92015293339077469038
92015296477256162253
92015296519367941897
91015289584883703286
91015297992142116514
92015196267181577086
91015286194598473612
91015290680360052092
92015295857254953937
91015283447403326595
92015287630252943104
92015293787762646004
92015297814521973817
92015287907323417971
92015296490880776475
91015300194622825402
91015294936089284591
91015280031717652291
92015287015404567745
92015289712889218079
92015297474264285379
92015278909141107449
92015292853985181635
92015279906005397206
92015277453823365638
92015292053720745347
92015295683573191382
92015295594504606952
92015299088949655231
91015299737044661335
92015279163255655589
92015282152756817956
92015283260894676467
92015286811390911237
91015284747807707147
91015292477752394600
92015277234671754307
92015283584269344054
91015298536961553734
91015286838578506620
92015287074525651047
91015293084250844265
91015298367345506278
91015297743473605185
91015283881755586761
91015283349212555830
92015284378466738673
92015282795657214094
92015285201315325663
92015293929436835291
92015293214727147527
92015294258879483875
92015298642263776594
92015276034293471387
92015281030573494114
91015282942163859743
92015289893837897809
92015284263770359412
92015298371832612548
91015279288566467899
92015301884671076568
92015279137703342395
92015288617168849421
92015292507711091262
91015299153544444971
92015292474888614322
91015296094743123202
91015299006388761013
92015280911635336579
92015286019105587139
92015301702195422694
92015292012394562541
92015293294028941794
92015301659402818615
91015289772538313136
91015289836844507318
92015285368653649037
91015290601538996757
92015301972597383984
91015281586926091807
91015282938805914478
92015293157956473549
92015259362621522418
91015299289916891103
92015289490861525962
91015291396301783885
92015299190912752874
91015300748305347907
91015300072084696841
91015299382069043423
91015286006775286077
92015292422674199059
92015295531389136461
92015278448961233110
92015297434011945795
91015284539230092255
92015288662519838072
92015298378248063118
91015284292465602378
92015289603285822564
91015283521324844546
91015297342905697016
92015277711913545583
92015287255227031582
91015295608641226696
92015271430028879092
91015285248073481344
92015289657618484008
92015226914155376335
91015280239940176123
91015285154997766245
92015291734306294075
92015280991141543089
91015292776345251256
92015300639357139254
92015298868225889012
91015289710576788741
92015301654979402781
91015301583987952329
92015282663125328121
91015300670630373033
92015287141900515767
91015290575051911240
91015297154767026168
92015293543091017342
92015287129409535770
92015301758842339486
92015278427814229862
91015283487501242171
92015177024059355000
92015292337875925377
91015285329433624970
92015288536021555971
91015293196762196555
91015279179614885138
92015291233014444467
92015296786039058367
91015287363501476619
92015279207867982180
92015282969767689139
92015286946316805677
92015288325861227987
92015299165185509330
92015300269906761056
92015300928748191126
92015280147329081246
91015293699535563309
91015292228220615436
92015280800381148186
91015287391973833914
92015289585570812443
92015288682280694567
91015277542413887898
92015241028733166028
92015302602781855203
91015291442216007125
91015288988609535737
91015300123753953063
92015299893391412793
91015280266180912027
92015282253852417727
92015290287681394955
92015277530840834860
92015294739018654607
92015257589237976002
92015289022088078306
92015292143449204208
92015293698378389206
91015299897463914881
91015287301301917604
91015276552102253933
92015280125839434298
92015281616040768466
92015286000835256451
92015291032337929715
91015296457276178412
91015299099047185419
92015288584135916804
92015285133013888176
91015301552605546856
91015284565204246687
91015291917548376209
91015290605984464658
92015291320962072021
92015288078438397447
92015278229502257875
92015288676096836129
92015295169809695444
92015280059368393735
91015281836327062747
92015286876471895504
91015287304539675203
92015288099401872502
91015298211232854772
91015301088088189577
92015301866159696955
92015277636652242534
91015276783585659166
91015278396639011397
92015280053107221949
91015285340490152639
92015299391752463832
91015293239159623413
91015300689628436843
92015227265945648801
92015285474277982861
92015299836209885439
92015299813453292402
91015299391389757864
92015284439164772085
91015281635655127071
91015283331247427353
92015293334647817302
92015293978322338607
92015289507972214195
92015302591390616203
92015286173330736718
91015287861370481904
92015290458123138886
92015289464876648799
92015283770471561004
91015281786437345745
92015288521985021930
92015291369914788973
92015298267741128285
92015281759684591801
91015280818269357417
92015289829684397432
91015299820429912396
91015292406872131486
92015288622936917849
92015280820281703251
92015286977938649351
91015283622417087865
91015276128584686360
92015278207787487557
92015299205291152543
92015281859347822451
91015281304336343303
91015289549221811748
92015293873053397118
92015294635452243696
92015295659362499983
91015280153467103852
92015283490261053193
92015286406639464981
92015287020234334563
92015294967704982459
91015290421250124304
91015299834939458104
92015290517035149413
92015293855475865720
91015300335667778928
91015290814711869459
92015226701451227580
91015298922700902066
91015294890130639522
92015281180313829016
92015294879975161060
92015288840948953442
92015298502250077782
92015281377637875023
92015288782927421455
91015298246556176414
91015283846055675551
91015297202790918576
92015295735257042225
92015293026308554688
91015290771993206670
91015280265263894467
92015287115202179032
92015241517360376434
91015291396830646948
91015290180175594684
92015271770631754816
92015295211559065645
92015277160939105446
91015281005156668419
91015293486824584207
92015293773946266200
92015293671211825882
91015282846879383679
92015282958988709637
92015285213523558368
92015302373787611369
91015298401285639133
92015297857681847104
91015280067145916063
92015280888759622054
92015281985772814186
92015286261032166650
91015287821973805952
92015296476868597503
92015286491565884256
91015288616498708463
92015292883397765427
91015299747920003029
92015282646914443207
91015296544336669120
91015282868718274236
92015284400453841315
92015287912871259787
91015287912765146845
92015285977743568931
92015277324746794066
91015290321812459190
91015289464208595735
91015284523702224825
92015281751954778171
92015287708006901092
91015244122856181696
91015283511997248436
91015287759318942058
91015290922414069502
92015283459774447977
91015288234728037227
91015291434909711778
92015289564095146076
92015274792202042004
92015287087442325528
92015289677977031404
92015280904076563422
92015301833557794281
92015292934314827109
92015280075383229232
91015283620492464171
92015277510548592654
91015276731866459122
91015281658547153011
91015300098768749401
92015280845956098517
91015292473407052583
92015281695106718503
92015286147238075433
92015278278080124493
91015281163311436171
92015278775328655161
92015275484358605713
91015279527547004621
91015280314078711725
92015281143833411794
92015282546235702465
91015285909901792422
92015285492704427854
92015289638833051746
92015294621939127053
91015298949455859009
92015282970189291767
92015299396022281370
92015281734231008672
91015282636003469547
92015302448699037183
91015283061900768037
92015295714758399979
92015297239407101305
92015297949553474846
92015298113228999730
92015296120469718830
92015298185909313731
92015301455517808359
92015290338872191959
91015301811470628938
92015301225871973303
92015290744871921712
92015301497859794060
92015279277570369698
92015282568087419665
92015286316989802426
91015299489156487901
92015280139018235819
92015287995830255462
92015290569131362361
91015289687219455512
92015297412187873624
91015296410775321840
92015293807678244067
92015278185290624138
92015281901253129256
92015299249118887272
91015281408033121659
92015301723827529876
92015280845895967621
